3-0,1,5;0,2,4;0,1,2;1,2,3;
3-0,2,4;2,1,2;1,0,4;
3-1,2,1;0,2,3;0,2,2;2,1,2;
3-1,2,4;0,1,4;2,1,2;1,0,3;
3-0,1,4;0,2,3;2,1,2;
4-2,3,7;1,3,8;0,1,4;0,3,1;1,0,4;0,3,6;3,2,2;
4-2,3,1;0,3,4;1,2,3;1,3,5;3,0,5;0,1,1;1,2,8;
4-0,3,5;1,2,8;1,3,3;3,1,5;1,0,5;0,2,6;
4-1,3,4;2,3,7;0,1,2;0,2,1;0,3,2;3,2,3;2,1,3;
4-0,3,5;0,1,2;2,3,6;1,3,7;3,2,2;2,0,4;
5-2,3,7;1,2,5;3,4,9;0,4,7;1,3,1;0,2,7;0,1,3;2,4,5;4,0,10;0,3,10;3,1,5;
5-1,2,10;0,1,10;1,3,6;2,4,7;1,4,1;4,1,6;1,0,3;0,2,9;2,3,4;
5-0,4,3;2,4,2;0,2,3;2,3,4;0,1,6;1,4,5;0,3,1;3,4,6;3,2,2;2,4,1;4,0,6;0,1,10;
5-1,2,9;0,1,5;1,3,4;0,4,10;1,4,2;4,3,9;3,2,4;2,1,6;1,0,10;
5-0,4,6;1,3,6;2,3,10;0,3,1;1,2,5;2,3,7;3,0,2;0,1,10;1,4,6;
